Cancer Immunology / Epigenetics,Oncology Trials / Chronic Disease Management,Cognitive Neuroscience / Dementia Diagnostics,Cardiovascular & Maternal Health Outcomes,Vascular Surgery / Interventional,Ferroptosis & Neuroinflammation,Healthcare Delivery / Diabetes Care,Neurodegeneration / PD-AD
1,0.671,0.582,0.506,0.526,0.625,0.49,0.648
0.671,1,0.678,0.72,0.725,0.444,0.654,0.477
0.582,0.678,1,0.559,0.562,0.453,0.605,0.583
0.506,0.72,0.559,1,0.687,0.387,0.634,0.358
0.526,0.725,0.562,0.687,1,0.384,0.508,0.365
0.625,0.444,0.453,0.387,0.384,1,0.384,0.754
0.49,0.654,0.605,0.634,0.508,0.384,1,0.414
0.648,0.477,0.583,0.358,0.365,0.754,0.414,1
